{{#if: {{{Pyramide|}}} |{{ #switch: {{{Pyramide}}}
| 11001 = {{CommuneBelgique pyr|18.22|63.94|17.84|}}
| 11002 = {{CommuneBelgique pyr|20.45|61.08|18.47|}}
| 11004 = {{CommuneBelgique pyr|21.54|61.72|16.74|}}
| 11005 = {{CommuneBelgique pyr|21.22|59.42|19.36|}}
| 11007 = {{CommuneBelgique pyr|18.13|64.15|17.72|}}
| 11008 = {{CommuneBelgique pyr|18.88|61.97|19.15|}}
| 11009 = {{CommuneBelgique pyr|21.62|64.28|14.09|}}
| 11013 = {{CommuneBelgique pyr|18.17|59.74|22.09|}}
| 11016 = {{CommuneBelgique pyr|21.81|63.30|14.88|}}
| 11018 = {{CommuneBelgique pyr|20.58|61.77|17.64|}}
| 11021 = {{CommuneBelgique pyr|21.16|59.87|18.96|}}
| 11022 = {{CommuneBelgique pyr|21.16|61.72|17.12|}}
| 11023 = {{CommuneBelgique pyr|19.65|60.61|19.74|}}
| 11024 = {{CommuneBelgique pyr|21.42|61.38|17.20|}}
| 11025 = {{CommuneBelgique pyr|22.47|64.05|13.48|}}
| 11029 = {{CommuneBelgique pyr|19.66|59.86|20.48|}}
| 11030 = {{CommuneBelgique pyr|21.41|60.37|18.22|}}
| 11035 = {{CommuneBelgique pyr|20.49|63.62|15.89|}}
| 11037 = {{CommuneBelgique pyr|20.02|61.80|18.19|}}
| 11038 = {{CommuneBelgique pyr|21.21|61.94|16.85|}}
| 11039 = {{CommuneBelgique pyr|19.66|59.81|20.53|}}
| 11040 = {{CommuneBelgique pyr|19.97|60.76|19.27|}}
| 11044 = {{CommuneBelgique pyr|20.04|67.13|12.83|}}
| 11050 = {{CommuneBelgique pyr|18.58|60.99|20.43|}}
| 11052 = {{CommuneBelgique pyr|20.10|62.03|17.87|}}
| 11053 = {{CommuneBelgique pyr|22.02|64.71|13.27|}}
| 11054 = {{CommuneBelgique pyr|19.29|65.02|15.69|}}
| 11055 = {{CommuneBelgique pyr|20.09|63.82|16.09|}}
| 11056 = {{CommuneBelgique pyr|18.23|64.24|17.53|}}
| 11057 = {{CommuneBelgique pyr|21.40|62.65|15.95|}}
| 12002 = {{CommuneBelgique pyr|19.11|62.38|18.51|}}
| 12005 = {{CommuneBelgique pyr|19.54|59.64|20.82|}}
| 12007 = {{CommuneBelgique pyr|19.69|62.67|17.64|}}
| 12009 = {{CommuneBelgique pyr|19.49|62.74|17.76|}}
| 12014 = {{CommuneBelgique pyr|18.42|63.54|18.04|}}
| 12021 = {{CommuneBelgique pyr|18.89|61.45|19.66|}}
| 12025 = {{CommuneBelgique pyr|21.16|61.36|17.47|}}
| 12026 = {{CommuneBelgique pyr|19.37|63.31|17.33|}}
| 12029 = {{CommuneBelgique pyr|18.21|62.71|19.08|}}
| 12030 = {{CommuneBelgique pyr|20.18|62.35|17.48|}}
| 12034 = {{CommuneBelgique pyr|20.86|60.80|18.35|}}
| 12035 = {{CommuneBelgique pyr|20.61|61.13|18.26|}}
| 12040 = {{CommuneBelgique pyr|20.94|60.92|18.13|}}
| 13001 = {{CommuneBelgique pyr|21.38|63.17|15.45|}}
| 13002 = {{CommuneBelgique pyr|21.22|62.52|16.27|}}
| 13003 = {{CommuneBelgique pyr|19.00|64.59|16.40|}}
| 13004 = {{CommuneBelgique pyr|22.05|64.11|13.83|}}
| 13006 = {{CommuneBelgique pyr|20.12|63.41|16.47|}}
| 13008 = {{CommuneBelgique pyr|18.20|65.04|16.77|}}
| 13010 = {{CommuneBelgique pyr|20.39|63.88|15.73|}}
| 13011 = {{CommuneBelgique pyr|17.92|64.36|17.72|}}
| 13012 = {{CommuneBelgique pyr|18.34|64.65|17.01|}}
| 13013 = {{CommuneBelgique pyr|18.10|63.76|18.14|}}
| 13014 = {{CommuneBelgique pyr|21.23|64.35|14.42|}}
| 13016 = {{CommuneBelgique pyr|19.54|64.22|16.24|}}
| 13017 = {{CommuneBelgique pyr|20.43|64.73|14.84|}}
| 13019 = {{CommuneBelgique pyr|20.49|65.44|14.07|}}
| 13021 = {{CommuneBelgique pyr|17.27|65.33|17.40|}}
| 13023 = {{CommuneBelgique pyr|22.27|66.01|11.72|}}
| 13025 = {{CommuneBelgique pyr|18.44|64.05|17.51|}}
| 13029 = {{CommuneBelgique pyr|19.61|66.44|13.95|}}
| 13031 = {{CommuneBelgique pyr|19.30|64.19|16.51|}}
| 13035 = {{CommuneBelgique pyr|20.95|63.18|15.87|}}
| 13036 = {{CommuneBelgique pyr|20.34|64.55|15.11|}}
| 13037 = {{CommuneBelgique pyr|21.43|63.67|14.91|}}
| 13040 = {{CommuneBelgique pyr|17.93|63.69|18.38|}}
| 13044 = {{CommuneBelgique pyr|18.80|65.39|15.81|}}
| 13046 = {{CommuneBelgique pyr|20.59|64.00|15.41|}}
| 13049 = {{CommuneBelgique pyr|19.08|65.63|15.29|}}
| 13053 = {{CommuneBelgique pyr|18.11|65.18|16.71|}}
| 21001 = {{CommuneBelgique pyr|23.86|60.30|15.84|}}
| 21002 = {{CommuneBelgique pyr|20.52|61.45|18.03|}}
| 21003 = {{CommuneBelgique pyr|22.93|59.96|17.11|}}
| 21004 = {{CommuneBelgique pyr|22.71|64.80|12.48|}}
| 21005 = {{CommuneBelgique pyr|18.14|69.55|12.31|}}
| 21006 = {{CommuneBelgique pyr|22.86|59.87|17.27|}}
| 21007 = {{CommuneBelgique pyr|22.27|63.17|14.57|}}
| 21008 = {{CommuneBelgique pyr|20.23|58.83|20.94|}}
| 21009 = {{CommuneBelgique pyr|15.19|73.48|11.33|}}
| 21010 = {{CommuneBelgique pyr|21.76|61.05|17.19|}}
| 21011 = {{CommuneBelgique pyr|24.05|61.70|14.25|}}
| 21012 = {{CommuneBelgique pyr|27.40|59.32|13.28|}}
| 21013 = {{CommuneBelgique pyr|20.42|69.55|10.03|}}
| 21014 = {{CommuneBelgique pyr|25.80|66.07|8.13|}}
| 21015 = {{CommuneBelgique pyr|24.73|64.21|11.06|}}
| 21016 = {{CommuneBelgique pyr|19.52|61.35|19.13|}}
| 21017 = {{CommuneBelgique pyr|20.29|60.59|19.13|}}
| 21018 = {{CommuneBelgique pyr|18.05|63.65|18.30|}}
| 21019 = {{CommuneBelgique pyr|20.03|60.21|19.75|}}
| 23002 = {{CommuneBelgique pyr|20.93|61.53|17.54|}}
| 23003 = {{CommuneBelgique pyr|22.31|60.47|17.22|}}
| 23009 = {{CommuneBelgique pyr|22.89|62.40|14.72|}}
| 23016 = {{CommuneBelgique pyr|20.32|59.86|19.82|}}
| 23023 = {{CommuneBelgique pyr|20.45|63.15|16.40|}}
| 23024 = {{CommuneBelgique pyr|20.71|62.24|17.04|}}
| 23025 = {{CommuneBelgique pyr|20.08|61.08|18.83|}}
| 23027 = {{CommuneBelgique pyr|20.68|61.35|17.97|}}
| 23032 = {{CommuneBelgique pyr|21.15|60.89|17.96|}}
| 23033 = {{CommuneBelgique pyr|22.75|60.89|16.35|}}
| 23038 = {{CommuneBelgique pyr|21.74|62.26|16.00|}}
| 23039 = {{CommuneBelgique pyr|19.11|63.89|17.00|}}
| 23044 = {{CommuneBelgique pyr|19.44|62.56|18.00|}}
| 23045 = {{CommuneBelgique pyr|19.86|62.43|17.71|}}
| 23047 = {{CommuneBelgique pyr|23.32|60.16|16.52|}}
| 23050 = {{CommuneBelgique pyr|20.92|63.41|15.67|}}
| 23052 = {{CommuneBelgique pyr|20.43|62.41|17.16|}}
| 23060 = {{CommuneBelgique pyr|20.18|62.86|16.95|}}
| 23062 = {{CommuneBelgique pyr|22.70|59.91|17.39|}}
| 23064 = {{CommuneBelgique pyr|21.09|62.10|16.81|}}
| 23077 = {{CommuneBelgique pyr|21.14|61.00|17.85|}}
| 23081 = {{CommuneBelgique pyr|21.04|62.28|16.68|}}
| 23086 = {{CommuneBelgique pyr|20.27|62.63|17.10|}}
| 23088 = {{CommuneBelgique pyr|23.94|59.77|16.29|}}
| 23094 = {{CommuneBelgique pyr|22.09|61.30|16.61|}}
| 23096 = {{CommuneBelgique pyr|21.14|63.16|15.70|}}
| 23097 = {{CommuneBelgique pyr|20.93|62.24|16.84|}}
| 23098 = {{CommuneBelgique pyr|22.30|59.17|18.54|}}
| 23099 = {{CommuneBelgique pyr|22.37|60.67|16.96|}}
| 23100 = {{CommuneBelgique pyr|23.26|59.63|17.12|}}
| 23101 = {{CommuneBelgique pyr|23.61|59.92|16.47|}}
| 23102 = {{CommuneBelgique pyr|21.07|59.43|19.50|}}
| 23103 = {{CommuneBelgique pyr|23.62|59.95|16.43|}}
| 23104 = {{CommuneBelgique pyr|20.20|61.96|17.83|}}
| 23105 = {{CommuneBelgique pyr|20.17|63.97|15.86|}}
| 24001 = {{CommuneBelgique pyr|17.08|63.08|19.84|}}
| 24007 = {{CommuneBelgique pyr|18.46|64.32|17.22|}}
| 24008 = {{CommuneBelgique pyr|20.15|60.88|18.97|}}
| 24009 = {{CommuneBelgique pyr|22.63|61.25|16.12|}}
| 24011 = {{CommuneBelgique pyr|20.87|61.99|17.13|}}
| 24014 = {{CommuneBelgique pyr|20.49|61.86|17.65|}}
| 24016 = {{CommuneBelgique pyr|21.56|62.05|16.40|}}
| 24020 = {{CommuneBelgique pyr|17.88|64.06|18.06|}}
| 24028 = {{CommuneBelgique pyr|18.50|62.69|18.81|}}
| 24033 = {{CommuneBelgique pyr|21.17|61.65|17.19|}}
| 24038 = {{CommuneBelgique pyr|21.97|61.59|16.44|}}
| 24041 = {{CommuneBelgique pyr|21.54|61.08|17.39|}}
| 24043 = {{CommuneBelgique pyr|22.83|61.33|15.84|}}
| 24045 = {{CommuneBelgique pyr|22.65|61.00|16.35|}}
| 24048 = {{CommuneBelgique pyr|20.41|63.40|16.19|}}
| 24054 = {{CommuneBelgique pyr|18.03|61.16|20.81|}}
| 24055 = {{CommuneBelgique pyr|21.64|62.29|16.06|}}
| 24059 = {{CommuneBelgique pyr|18.41|63.11|18.48|}}
| 24062 = {{CommuneBelgique pyr|17.39|66.18|16.43|}}
| 24066 = {{CommuneBelgique pyr|20.41|62.59|17.00|}}
| 24086 = {{CommuneBelgique pyr|21.64|62.84|15.52|}}
| 24094 = {{CommuneBelgique pyr|21.45|62.14|16.42|}}
| 24104 = {{CommuneBelgique pyr|23.61|59.51|16.88|}}
| 24107 = {{CommuneBelgique pyr|17.65|61.92|20.43|}}
| 24109 = {{CommuneBelgique pyr|19.68|62.83|17.49|}}
| 24130 = {{CommuneBelgique pyr|18.04|63.48|18.48|}}
| 24133 = {{CommuneBelgique pyr|19.19|62.26|18.54|}}
| 24134 = {{CommuneBelgique pyr|17.29|62.96|19.75|}}
| 24135 = {{CommuneBelgique pyr|19.83|63.60|16.58|}}
| 24137 = {{CommuneBelgique pyr|20.17|61.57|18.26|}}
| 25005 = {{CommuneBelgique pyr|23.37|61.67|14.97|}}
| 25014 = {{CommuneBelgique pyr|21.51|62.98|15.51|}}
| 25015 = {{CommuneBelgique pyr|22.48|62.16|15.35|}}
| 25018 = {{CommuneBelgique pyr|24.55|62.75|12.69|}}
| 25023 = {{CommuneBelgique pyr|25.14|62.23|12.64|}}
| 25031 = {{CommuneBelgique pyr|23.04|62.52|14.44|}}
| 25037 = {{CommuneBelgique pyr|23.02|61.47|15.51|}}
| 25043 = {{CommuneBelgique pyr|24.88|61.36|13.76|}}
| 25044 = {{CommuneBelgique pyr|22.81|61.98|15.20|}}
| 25048 = {{CommuneBelgique pyr|22.78|61.06|16.16|}}
| 25050 = {{CommuneBelgique pyr|21.85|60.12|18.03|}}
| 25068 = {{CommuneBelgique pyr|24.95|62.81|12.23|}}
| 25072 = {{CommuneBelgique pyr|19.77|62.50|17.73|}}
| 25084 = {{CommuneBelgique pyr|24.57|60.88|14.55|}}
| 25091 = {{CommuneBelgique pyr|21.64|60.03|18.33|}}
| 25105 = {{CommuneBelgique pyr|22.93|62.00|15.07|}}
| 25107 = {{CommuneBelgique pyr|23.72|62.73|13.55|}}
| 25110 = {{CommuneBelgique pyr|22.43|59.26|18.30|}}
| 25112 = {{CommuneBelgique pyr|21.22|61.51|17.27|}}
| 25117 = {{CommuneBelgique pyr|25.64|63.11|11.25|}}
| 25118 = {{CommuneBelgique pyr|22.08|60.92|17.00|}}
| 25119 = {{CommuneBelgique pyr|23.00|61.18|15.82|}}
| 25120 = {{CommuneBelgique pyr|23.49|61.12|15.38|}}
| 25121 = {{CommuneBelgique pyr|22.02|65.59|12.39|}}
| 25122 = {{CommuneBelgique pyr|25.53|59.98|14.48|}}
| 25123 = {{CommuneBelgique pyr|23.39|62.55|14.07|}}
| 25124 = {{CommuneBelgique pyr|25.44|61.49|13.07|}}
| 31003 = {{CommuneBelgique pyr|19.79|62.33|17.88|}}
| 31004 = {{CommuneBelgique pyr|14.56|60.23|25.21|}}
| 31005 = {{CommuneBelgique pyr|17.96|61.60|20.44|}}
| 31006 = {{CommuneBelgique pyr|19.34|62.10|18.57|}}
| 31012 = {{CommuneBelgique pyr|21.23|62.27|16.50|}}
| 31022 = {{CommuneBelgique pyr|20.47|62.58|16.95|}}
| 31033 = {{CommuneBelgique pyr|18.49|62.99|18.52|}}
| 31040 = {{CommuneBelgique pyr|20.87|62.81|16.33|}}
| 31042 = {{CommuneBelgique pyr|19.87|64.67|15.46|}}
| 31043 = {{CommuneBelgique pyr|14.17|58.16|27.67|}}
| 32003 = {{CommuneBelgique pyr|20.65|60.21|19.14|}}
| 32006 = {{CommuneBelgique pyr|20.74|60.69|18.58|}}
| 32010 = {{CommuneBelgique pyr|18.92|62.51|18.57|}}
| 32011 = {{CommuneBelgique pyr|19.19|61.34|19.47|}}
| 32030 = {{CommuneBelgique pyr|23.01|57.08|19.90|}}
| 33011 = {{CommuneBelgique pyr|19.36|61.00|19.64|}}
| 33016 = {{CommuneBelgique pyr|20.76|60.28|18.96|}}
| 33021 = {{CommuneBelgique pyr|21.06|59.67|19.27|}}
| 33029 = {{CommuneBelgique pyr|20.46|60.46|19.08|}}
| 33037 = {{CommuneBelgique pyr|21.92|60.41|17.66|}}
| 33039 = {{CommuneBelgique pyr|21.66|60.48|17.86|}}
| 33040 = {{CommuneBelgique pyr|22.33|60.16|17.51|}}
| 33041 = {{CommuneBelgique pyr|21.30|59.75|18.95|}}
| 34002 = {{CommuneBelgique pyr|21.17|61.20|17.63|}}
| 34003 = {{CommuneBelgique pyr|19.84|61.69|18.47|}}
| 34009 = {{CommuneBelgique pyr|20.28|61.42|18.30|}}
| 34013 = {{CommuneBelgique pyr|19.01|62.93|18.06|}}
| 34022 = {{CommuneBelgique pyr|19.16|60.44|20.40|}}
| 34023 = {{CommuneBelgique pyr|19.80|61.38|18.82|}}
| 34025 = {{CommuneBelgique pyr|18.88|61.31|19.81|}}
| 34027 = {{CommuneBelgique pyr|20.27|60.32|19.41|}}
| 34040 = {{CommuneBelgique pyr|19.93|62.69|17.38|}}
| 34041 = {{CommuneBelgique pyr|20.75|61.91|17.34|}}
| 34042 = {{CommuneBelgique pyr|20.49|61.54|17.97|}}
| 34043 = {{CommuneBelgique pyr|23.95|60.29|15.76|}}
| 35002 = {{CommuneBelgique pyr|19.75|63.61|16.64|}}
| 35005 = {{CommuneBelgique pyr|21.71|61.19|17.10|}}
| 35006 = {{CommuneBelgique pyr|20.20|62.51|17.29|}}
| 35011 = {{CommuneBelgique pyr|15.64|58.49|25.87|}}
| 35013 = {{CommuneBelgique pyr|15.50|59.00|25.50|}}
| 35014 = {{CommuneBelgique pyr|19.92|60.94|19.14|}}
| 35029 = {{CommuneBelgique pyr|15.84|59.72|24.44|}}
| 36006 = {{CommuneBelgique pyr|21.10|61.60|17.29|}}
| 36007 = {{CommuneBelgique pyr|20.16|60.23|19.61|}}
| 36008 = {{CommuneBelgique pyr|18.96|61.33|19.71|}}
| 36010 = {{CommuneBelgique pyr|20.64|59.98|19.38|}}
| 36011 = {{CommuneBelgique pyr|21.26|60.57|18.16|}}
| 36012 = {{CommuneBelgique pyr|19.43|60.26|20.31|}}
| 36015 = {{CommuneBelgique pyr|19.78|61.48|18.73|}}
| 36019 = {{CommuneBelgique pyr|21.02|59.29|19.68|}}
| 37002 = {{CommuneBelgique pyr|21.63|60.43|17.94|}}
| 37007 = {{CommuneBelgique pyr|20.50|61.38|18.12|}}
| 37010 = {{CommuneBelgique pyr|21.05|61.90|17.05|}}
| 37011 = {{CommuneBelgique pyr|21.08|61.05|17.87|}}
| 37012 = {{CommuneBelgique pyr|20.18|60.61|19.21|}}
| 37015 = {{CommuneBelgique pyr|18.74|61.68|19.57|}}
| 37017 = {{CommuneBelgique pyr|22.26|61.74|16.00|}}
| 37018 = {{CommuneBelgique pyr|21.36|59.92|18.72|}}
| 37020 = {{CommuneBelgique pyr|18.61|61.37|20.02|}}
| 38002 = {{CommuneBelgique pyr|23.41|58.71|17.87|}}
| 38008 = {{CommuneBelgique pyr|16.67|57.33|26.01|}}
| 38014 = {{CommuneBelgique pyr|13.58|59.87|26.55|}}
| 38016 = {{CommuneBelgique pyr|15.38|60.16|24.46|}}
| 38025 = {{CommuneBelgique pyr|19.73|59.75|20.51|}}
| 41002 = {{CommuneBelgique pyr|17.99|63.06|18.95|}}
| 41011 = {{CommuneBelgique pyr|19.67|63.55|16.78|}}
| 41018 = {{CommuneBelgique pyr|19.39|62.37|18.24|}}
| 41024 = {{CommuneBelgique pyr|18.03|63.90|18.06|}}
| 41027 = {{CommuneBelgique pyr|19.28|63.37|17.35|}}
| 41034 = {{CommuneBelgique pyr|18.86|63.81|17.34|}}
| 41048 = {{CommuneBelgique pyr|19.32|63.31|17.36|}}
| 41063 = {{CommuneBelgique pyr|19.31|62.10|18.59|}}
| 41081 = {{CommuneBelgique pyr|17.58|61.91|20.50|}}
| 41082 = {{CommuneBelgique pyr|18.06|63.24|18.70|}}
| 42003 = {{CommuneBelgique pyr|19.85|63.67|16.48|}}
| 42004 = {{CommuneBelgique pyr|19.27|63.32|17.41|}}
| 42006 = {{CommuneBelgique pyr|18.86|63.09|18.05|}}
| 42008 = {{CommuneBelgique pyr|20.47|62.41|17.11|}}
| 42010 = {{CommuneBelgique pyr|18.93|63.84|17.23|}}
| 42011 = {{CommuneBelgique pyr|19.61|62.40|17.99|}}
| 42023 = {{CommuneBelgique pyr|19.91|63.14|16.95|}}
| 42025 = {{CommuneBelgique pyr|18.50|63.03|18.47|}}
| 42026 = {{CommuneBelgique pyr|19.39|63.66|16.95|}}
| 42028 = {{CommuneBelgique pyr|21.53|62.42|16.05|}}
| 43002 = {{CommuneBelgique pyr|19.14|62.05|18.81|}}
| 43005 = {{CommuneBelgique pyr|18.46|61.44|20.11|}}
| 43007 = {{CommuneBelgique pyr|19.54|62.75|17.71|}}
| 43010 = {{CommuneBelgique pyr|19.47|61.74|18.79|}}
| 43014 = {{CommuneBelgique pyr|19.01|60.53|20.46|}}
| 43018 = {{CommuneBelgique pyr|18.55|61.56|19.89|}}
| 44001 = {{CommuneBelgique pyr|20.93|61.87|17.21|}}
| 44011 = {{CommuneBelgique pyr|19.92|61.97|18.11|}}
| 44012 = {{CommuneBelgique pyr|20.16|62.11|17.73|}}
| 44013 = {{CommuneBelgique pyr|19.40|61.98|18.61|}}
| 44019 = {{CommuneBelgique pyr|20.22|61.40|18.38|}}
| 44020 = {{CommuneBelgique pyr|20.06|63.36|16.58|}}
| 44021 = {{CommuneBelgique pyr|18.87|63.86|17.27|}}
| 44029 = {{CommuneBelgique pyr|19.50|62.18|18.31|}}
| 44034 = {{CommuneBelgique pyr|21.92|62.58|15.50|}}
| 44036 = {{CommuneBelgique pyr|18.89|62.56|18.55|}}
| 44040 = {{CommuneBelgique pyr|19.82|61.41|18.77|}}
| 44043 = {{CommuneBelgique pyr|20.64|62.29|17.08|}}
| 44045 = {{CommuneBelgique pyr|20.67|61.97|17.37|}}
| 44048 = {{CommuneBelgique pyr|20.67|61.81|17.53|}}
| 44049 = {{CommuneBelgique pyr|21.26|61.11|17.64|}}
| 44052 = {{CommuneBelgique pyr|21.32|61.55|17.13|}}
| 44064 = {{CommuneBelgique pyr|19.22|60.30|20.48|}}
| 44072 = {{CommuneBelgique pyr|18.93|61.50|19.57|}}
| 44073 = {{CommuneBelgique pyr|20.55|61.09|18.36|}}
| 44080 = {{CommuneBelgique pyr|18.66|61.31|20.03|}}
| 44081 = {{CommuneBelgique pyr|20.52|62.90|16.58|}}
| 45017 = {{CommuneBelgique pyr|21.06|61.22|17.72|}}
| 45035 = {{CommuneBelgique pyr|18.94|61.71|19.35|}}
| 45041 = {{CommuneBelgique pyr|22.84|59.18|17.98|}}
| 45057 = {{CommuneBelgique pyr|20.68|61.25|18.06|}}
| 45059 = {{CommuneBelgique pyr|18.63|60.82|20.55|}}
| 45060 = {{CommuneBelgique pyr|21.04|60.69|18.27|}}
| 45061 = {{CommuneBelgique pyr|21.11|62.53|16.37|}}
| 45062 = {{CommuneBelgique pyr|20.89|55.96|23.15|}}
| 45063 = {{CommuneBelgique pyr|19.92|61.00|19.07|}}
| 45064 = {{CommuneBelgique pyr|20.34|58.78|20.88|}}
| 45065 = {{CommuneBelgique pyr|20.28|62.42|17.30|}}
| 46003 = {{CommuneBelgique pyr|20.10|63.08|16.82|}}
| 46013 = {{CommuneBelgique pyr|20.87|61.51|17.61|}}
| 46014 = {{CommuneBelgique pyr|21.65|63.10|15.26|}}
| 46020 = {{CommuneBelgique pyr|21.91|61.95|16.14|}}
| 46021 = {{CommuneBelgique pyr|19.80|61.44|18.76|}}
| 46024 = {{CommuneBelgique pyr|20.17|63.47|16.36|}}
| 46025 = {{CommuneBelgique pyr|21.84|62.54|15.62|}}
| 51004 = {{CommuneBelgique pyr|21.45|61.77|16.77|}}
| 51008 = {{CommuneBelgique pyr|21.01|63.00|15.98|}}
| 51009 = {{CommuneBelgique pyr|22.08|62.44|15.48|}}
| 51012 = {{CommuneBelgique pyr|22.75|63.29|13.96|}}
| 51014 = {{CommuneBelgique pyr|22.50|61.41|16.09|}}
| 51017 = {{CommuneBelgique pyr|20.78|60.49|18.72|}}
| 51019 = {{CommuneBelgique pyr|21.48|58.84|19.68|}}
| 51065 = {{CommuneBelgique pyr|21.05|61.37|17.58|}}
| 52010 = {{CommuneBelgique pyr|21.83|61.83|16.34|}}
| 52011 = {{CommuneBelgique pyr|21.29|61.88|16.83|}}
| 52012 = {{CommuneBelgique pyr|21.35|62.09|16.57|}}
| 52015 = {{CommuneBelgique pyr|22.40|62.02|15.58|}}
| 52018 = {{CommuneBelgique pyr|23.30|61.65|15.05|}}
| 52021 = {{CommuneBelgique pyr|21.18|62.61|16.20|}}
| 52022 = {{CommuneBelgique pyr|21.05|61.96|16.99|}}
| 52025 = {{CommuneBelgique pyr|19.36|63.29|17.34|}}
| 52043 = {{CommuneBelgique pyr|22.28|62.99|14.72|}}
| 52048 = {{CommuneBelgique pyr|18.20|61.17|20.63|}}
| 52055 = {{CommuneBelgique pyr|22.79|62.71|14.50|}}
| 52063 = {{CommuneBelgique pyr|23.47|62.36|14.17|}}
| 52074 = {{CommuneBelgique pyr|21.64|62.62|15.74|}}
| 52075 = {{CommuneBelgique pyr|22.55|62.56|14.89|}}
| 53014 = {{CommuneBelgique pyr|22.19|61.67|16.14|}}
| 53020 = {{CommuneBelgique pyr|22.03|60.91|17.06|}}
| 53028 = {{CommuneBelgique pyr|21.40|62.26|16.35|}}
| 53039 = {{CommuneBelgique pyr|21.60|62.85|15.55|}}
| 53044 = {{CommuneBelgique pyr|23.16|63.02|13.82|}}
| 53046 = {{CommuneBelgique pyr|23.84|60.82|15.34|}}
| 53053 = {{CommuneBelgique pyr|20.44|63.73|15.83|}}
| 53065 = {{CommuneBelgique pyr|21.95|62.08|15.97|}}
| 53068 = {{CommuneBelgique pyr|20.51|62.11|17.38|}}
| 53070 = {{CommuneBelgique pyr|20.22|62.19|17.59|}}
| 53082 = {{CommuneBelgique pyr|23.64|61.67|14.69|}}
| 53083 = {{CommuneBelgique pyr|21.27|62.42|16.32|}}
| 53084 = {{CommuneBelgique pyr|20.95|62.01|17.04|}}
| 54007 = {{CommuneBelgique pyr|22.18|60.58|17.24|}}
| 54010 = {{CommuneBelgique pyr|21.56|60.26|18.19|}}
| 55004 = {{CommuneBelgique pyr|22.98|62.10|14.92|}}
| 55010 = {{CommuneBelgique pyr|22.07|62.41|15.52|}}
| 55022 = {{CommuneBelgique pyr|21.33|62.31|16.36|}}
| 55023 = {{CommuneBelgique pyr|22.16|60.70|17.13|}}
| 55035 = {{CommuneBelgique pyr|21.71|62.69|15.60|}}
| 55039 = {{CommuneBelgique pyr|23.52|62.37|14.10|}}
| 55040 = {{CommuneBelgique pyr|21.88|62.63|15.49|}}
| 55050 = {{CommuneBelgique pyr|23.38|60.58|16.04|}}
| 56001 = {{CommuneBelgique pyr|20.62|61.01|18.37|}}
| 56005 = {{CommuneBelgique pyr|22.61|61.36|16.02|}}
| 56011 = {{CommuneBelgique pyr|20.22|61.58|18.20|}}
| 56016 = {{CommuneBelgique pyr|22.86|60.59|16.55|}}
| 56022 = {{CommuneBelgique pyr|22.19|60.90|16.90|}}
| 56029 = {{CommuneBelgique pyr|20.34|63.55|16.12|}}
| 56044 = {{CommuneBelgique pyr|21.04|63.78|15.18|}}
| 56049 = {{CommuneBelgique pyr|23.57|63.32|13.11|}}
| 56051 = {{CommuneBelgique pyr|23.04|60.22|16.74|}}
| 56078 = {{CommuneBelgique pyr|19.99|63.79|16.22|}}
| 56085 = {{CommuneBelgique pyr|22.11|63.61|14.28|}}
| 56086 = {{CommuneBelgique pyr|19.65|62.77|17.58|}}
| 56087 = {{CommuneBelgique pyr|21.33|62.03|16.64|}}
| 56088 = {{CommuneBelgique pyr|22.30|61.17|16.52|}}
| 57003 = {{CommuneBelgique pyr|21.57|60.99|17.44|}}
| 57018 = {{CommuneBelgique pyr|22.16|61.37|16.47|}}
| 57027 = {{CommuneBelgique pyr|21.69|62.65|15.66|}}
| 57062 = {{CommuneBelgique pyr|23.28|58.95|17.77|}}
| 57064 = {{CommuneBelgique pyr|22.50|61.29|16.21|}}
| 57072 = {{CommuneBelgique pyr|19.76|64.17|16.07|}}
| 57081 = {{CommuneBelgique pyr|19.79|62.74|17.48|}}
| 57093 = {{CommuneBelgique pyr|22.60|60.63|16.77|}}
| 57094 = {{CommuneBelgique pyr|20.76|61.67|17.57|}}
| 57095 = {{CommuneBelgique pyr|22.72|61.24|16.04|}}
| 61003 = {{CommuneBelgique pyr|21.99|61.39|16.62|}}
| 61010 = {{CommuneBelgique pyr|23.32|61.38|15.30|}}
| 61012 = {{CommuneBelgique pyr|23.65|61.11|15.24|}}
| 61019 = {{CommuneBelgique pyr|21.84|62.72|15.44|}}
| 61024 = {{CommuneBelgique pyr|21.60|61.35|17.04|}}
| 61028 = {{CommuneBelgique pyr|24.01|63.29|12.69|}}
| 61031 = {{CommuneBelgique pyr|20.03|62.42|17.54|}}
| 61039 = {{CommuneBelgique pyr|22.58|63.88|13.55|}}
| 61041 = {{CommuneBelgique pyr|23.39|62.67|13.94|}}
| 61043 = {{CommuneBelgique pyr|21.55|64.19|14.26|}}
| 61048 = {{CommuneBelgique pyr|20.93|64.06|15.00|}}
| 61063 = {{CommuneBelgique pyr|24.20|63.66|12.14|}}
| 61068 = {{CommuneBelgique pyr|23.95|63.34|12.71|}}
| 61072 = {{CommuneBelgique pyr|22.59|61.18|16.22|}}
| 61079 = {{CommuneBelgique pyr|21.51|62.85|15.64|}}
| 61080 = {{CommuneBelgique pyr|23.87|60.96|15.17|}}
| 61081 = {{CommuneBelgique pyr|25.25|62.81|11.95|}}
| 62003 = {{CommuneBelgique pyr|19.86|61.38|18.75|}}
| 62006 = {{CommuneBelgique pyr|21.25|61.62|17.13|}}
| 62009 = {{CommuneBelgique pyr|21.24|62.69|16.07|}}
| 62011 = {{CommuneBelgique pyr|21.14|63.02|15.84|}}
| 62015 = {{CommuneBelgique pyr|22.59|61.86|15.55|}}
| 62022 = {{CommuneBelgique pyr|18.84|59.25|21.91|}}
| 62026 = {{CommuneBelgique pyr|21.96|60.40|17.64|}}
| 62027 = {{CommuneBelgique pyr|21.81|64.95|13.24|}}
| 62032 = {{CommuneBelgique pyr|19.24|62.24|18.52|}}
| 62038 = {{CommuneBelgique pyr|20.15|59.94|19.91|}}
| 62051 = {{CommuneBelgique pyr|21.18|60.69|18.13|}}
| 62060 = {{CommuneBelgique pyr|20.54|64.57|14.90|}}
| 62063 = {{CommuneBelgique pyr|18.32|63.89|17.79|}}
| 62079 = {{CommuneBelgique pyr|20.86|62.12|17.01|}}
| 62093 = {{CommuneBelgique pyr|21.95|60.22|17.83|}}
| 62096 = {{CommuneBelgique pyr|20.75|60.69|18.57|}}
| 62099 = {{CommuneBelgique pyr|22.63|62.96|14.41|}}
| 62100 = {{CommuneBelgique pyr|22.94|62.70|14.36|}}
| 62108 = {{CommuneBelgique pyr|20.97|61.58|17.45|}}
| 62118 = {{CommuneBelgique pyr|21.20|62.74|16.05|}}
| 62119 = {{CommuneBelgique pyr|21.65|63.11|15.24|}}
| 62120 = {{CommuneBelgique pyr|20.63|60.15|19.21|}}
| 62121 = {{CommuneBelgique pyr|19.53|62.69|17.78|}}
| 62122 = {{CommuneBelgique pyr|21.96|62.98|15.06|}}
| 63001 = {{CommuneBelgique pyr|23.07|58.22|18.71|}}
| 63003 = {{CommuneBelgique pyr|23.11|60.27|16.62|}}
| 63004 = {{CommuneBelgique pyr|24.42|62.75|12.82|}}
| 63012 = {{CommuneBelgique pyr|23.51|57.69|18.81|}}
| 63013 = {{CommuneBelgique pyr|22.80|59.13|18.07|}}
| 63020 = {{CommuneBelgique pyr|25.64|59.39|14.97|}}
| 63023 = {{CommuneBelgique pyr|19.96|60.85|19.19|}}
| 63035 = {{CommuneBelgique pyr|22.36|63.16|14.49|}}
| 63038 = {{CommuneBelgique pyr|23.66|62.15|14.19|}}
| 63040 = {{CommuneBelgique pyr|19.26|63.61|17.13|}}
| 63045 = {{CommuneBelgique pyr|20.94|62.75|16.31|}}
| 63046 = {{CommuneBelgique pyr|24.14|61.00|14.86|}}
| 63048 = {{CommuneBelgique pyr|23.07|62.60|14.33|}}
| 63049 = {{CommuneBelgique pyr|21.89|59.26|18.85|}}
| 63057 = {{CommuneBelgique pyr|21.02|65.04|13.93|}}
| 63058 = {{CommuneBelgique pyr|24.89|60.49|14.62|}}
| 63061 = {{CommuneBelgique pyr|20.73|62.65|16.62|}}
| 63067 = {{CommuneBelgique pyr|20.10|61.26|18.63|}}
| 63072 = {{CommuneBelgique pyr|19.21|59.21|21.58|}}
| 63073 = {{CommuneBelgique pyr|21.69|61.27|17.05|}}
| 63075 = {{CommuneBelgique pyr|21.70|61.45|16.86|}}
| 63076 = {{CommuneBelgique pyr|23.40|62.05|14.55|}}
| 63079 = {{CommuneBelgique pyr|23.04|60.30|16.67|}}
| 63080 = {{CommuneBelgique pyr|23.11|59.68|17.21|}}
| 63084 = {{CommuneBelgique pyr|20.81|62.99|16.20|}}
| 63086 = {{CommuneBelgique pyr|22.70|61.29|16.01|}}
| 63087 = {{CommuneBelgique pyr|22.37|59.42|18.21|}}
| 63088 = {{CommuneBelgique pyr|21.55|62.92|15.53|}}
| 63089 = {{CommuneBelgique pyr|25.34|64.00|10.66|}}
| 64008 = {{CommuneBelgique pyr|23.23|63.28|13.49|}}
| 64015 = {{CommuneBelgique pyr|23.20|62.23|14.58|}}
| 64021 = {{CommuneBelgique pyr|22.02|63.11|14.87|}}
| 64023 = {{CommuneBelgique pyr|22.10|64.45|13.46|}}
| 64025 = {{CommuneBelgique pyr|20.49|64.12|15.40|}}
| 64029 = {{CommuneBelgique pyr|24.37|63.14|12.49|}}
| 64034 = {{CommuneBelgique pyr|22.00|61.51|16.49|}}
| 64047 = {{CommuneBelgique pyr|23.22|61.18|15.59|}}
| 64056 = {{CommuneBelgique pyr|21.87|63.82|14.31|}}
| 64063 = {{CommuneBelgique pyr|21.79|62.53|15.68|}}
| 64065 = {{CommuneBelgique pyr|21.64|62.33|16.02|}}
| 64074 = {{CommuneBelgique pyr|19.10|61.34|19.57|}}
| 64075 = {{CommuneBelgique pyr|24.94|60.81|14.25|}}
| 64076 = {{CommuneBelgique pyr|23.27|63.12|13.61|}}
| 71002 = {{CommuneBelgique pyr|20.45|64.90|14.65|}}
| 71004 = {{CommuneBelgique pyr|21.05|64.14|14.81|}}
| 71011 = {{CommuneBelgique pyr|19.80|65.65|14.55|}}
| 71016 = {{CommuneBelgique pyr|21.38|62.68|15.94|}}
| 71017 = {{CommuneBelgique pyr|19.33|62.15|18.52|}}
| 71020 = {{CommuneBelgique pyr|18.69|62.04|19.27|}}
| 71022 = {{CommuneBelgique pyr|16.70|64.74|18.56|}}
| 71024 = {{CommuneBelgique pyr|19.52|64.48|16.00|}}
| 71034 = {{CommuneBelgique pyr|18.99|63.45|17.56|}}
| 71037 = {{CommuneBelgique pyr|18.38|64.95|16.67|}}
| 71045 = {{CommuneBelgique pyr|18.55|65.05|16.40|}}
| 71047 = {{CommuneBelgique pyr|21.59|65.56|12.86|}}
| 71053 = {{CommuneBelgique pyr|16.97|64.83|18.21|}}
| 71057 = {{CommuneBelgique pyr|19.18|64.95|15.87|}}
| 71066 = {{CommuneBelgique pyr|20.22|65.01|14.78|}}
| 71067 = {{CommuneBelgique pyr|19.07|67.07|13.86|}}
| 71069 = {{CommuneBelgique pyr|19.48|64.94|15.58|}}
| 71070 = {{CommuneBelgique pyr|20.90|64.36|14.74|}}
| 72003 = {{CommuneBelgique pyr|20.37|64.73|14.90|}}
| 72004 = {{CommuneBelgique pyr|18.63|64.07|17.29|}}
| 72018 = {{CommuneBelgique pyr|20.51|65.60|13.90|}}
| 72020 = {{CommuneBelgique pyr|19.92|64.53|15.55|}}
| 72021 = {{CommuneBelgique pyr|19.26|64.49|16.25|}}
| 72025 = {{CommuneBelgique pyr|19.64|64.70|15.66|}}
| 72029 = {{CommuneBelgique pyr|19.64|63.67|16.69|}}
| 72030 = {{CommuneBelgique pyr|20.49|65.37|14.13|}}
| 72037 = {{CommuneBelgique pyr|19.77|61.80|18.43|}}
| 72038 = {{CommuneBelgique pyr|20.44|64.71|14.85|}}
| 72039 = {{CommuneBelgique pyr|21.20|65.44|13.36|}}
| 72040 = {{CommuneBelgique pyr|20.48|65.52|13.99|}}
| 72041 = {{CommuneBelgique pyr|20.14|65.41|14.45|}}
| 73001 = {{CommuneBelgique pyr|20.30|63.49|16.21|}}
| 73006 = {{CommuneBelgique pyr|19.51|64.52|15.97|}}
| 73009 = {{CommuneBelgique pyr|17.46|64.20|18.34|}}
| 73022 = {{CommuneBelgique pyr|17.96|63.67|18.37|}}
| 73028 = {{CommuneBelgique pyr|14.29|64.29|21.43|}}
| 73032 = {{CommuneBelgique pyr|18.87|65.06|16.08|}}
| 73040 = {{CommuneBelgique pyr|19.34|66.96|13.70|}}
| 73042 = {{CommuneBelgique pyr|17.97|65.46|16.57|}}
| 73066 = {{CommuneBelgique pyr|18.14|64.30|17.56|}}
| 73083 = {{CommuneBelgique pyr|17.80|63.10|19.09|}}
| 73098 = {{CommuneBelgique pyr|18.08|67.25|14.67|}}
| 73107 = {{CommuneBelgique pyr|20.10|65.25|14.66|}}
| 73109 = {{CommuneBelgique pyr|19.97|62.13|17.90|}}
| 81001 = {{CommuneBelgique pyr|22.02|63.39|14.58|}}
| 81003 = {{CommuneBelgique pyr|29.37|60.28|10.36|}}
| 81004 = {{CommuneBelgique pyr|22.38|61.19|16.42|}}
| 81013 = {{CommuneBelgique pyr|22.80|60.47|16.73|}}
| 81015 = {{CommuneBelgique pyr|22.87|63.02|14.11|}}
| 82003 = {{CommuneBelgique pyr|24.53|62.54|12.92|}}
| 82005 = {{CommuneBelgique pyr|26.28|59.51|14.21|}}
| 82009 = {{CommuneBelgique pyr|25.95|60.49|13.56|}}
| 82014 = {{CommuneBelgique pyr|22.00|61.47|16.54|}}
| 82032 = {{CommuneBelgique pyr|22.32|60.81|16.87|}}
| 82036 = {{CommuneBelgique pyr|27.63|59.86|12.51|}}
| 82037 = {{CommuneBelgique pyr|24.84|58.91|16.25|}}
| 82038 = {{CommuneBelgique pyr|22.69|60.34|16.97|}}
| 83012 = {{CommuneBelgique pyr|21.38|61.13|17.49|}}
| 83013 = {{CommuneBelgique pyr|20.42|61.69|17.89|}}
| 83028 = {{CommuneBelgique pyr|25.33|61.48|13.19|}}
| 83031 = {{CommuneBelgique pyr|21.47|59.80|18.73|}}
| 83034 = {{CommuneBelgique pyr|23.40|62.03|14.57|}}
| 83040 = {{CommuneBelgique pyr|24.45|60.22|15.33|}}
| 83044 = {{CommuneBelgique pyr|22.60|59.41|17.98|}}
| 83049 = {{CommuneBelgique pyr|21.65|62.76|15.59|}}
| 83055 = {{CommuneBelgique pyr|23.35|60.73|15.92|}}
| 84009 = {{CommuneBelgique pyr|22.68|61.58|15.75|}}
| 84010 = {{CommuneBelgique pyr|19.31|59.73|20.96|}}
| 84016 = {{CommuneBelgique pyr|20.79|56.95|22.25|}}
| 84029 = {{CommuneBelgique pyr|22.58|57.22|20.21|}}
| 84033 = {{CommuneBelgique pyr|26.65|59.69|13.66|}}
| 84035 = {{CommuneBelgique pyr|23.18|60.34|16.49|}}
| 84043 = {{CommuneBelgique pyr|24.34|60.81|14.85|}}
| 84050 = {{CommuneBelgique pyr|22.83|59.89|17.27|}}
| 84059 = {{CommuneBelgique pyr|21.80|60.45|17.74|}}
| 84068 = {{CommuneBelgique pyr|23.34|58.77|17.88|}}
| 84075 = {{CommuneBelgique pyr|23.28|57.93|18.80|}}
| 84077 = {{CommuneBelgique pyr|24.06|62.58|13.35|}}
| 85007 = {{CommuneBelgique pyr|23.94|57.83|18.24|}}
| 85009 = {{CommuneBelgique pyr|28.38|60.65|10.97|}}
| 85011 = {{CommuneBelgique pyr|19.79|57.86|22.35|}}
| 85024 = {{CommuneBelgique pyr|22.87|60.65|16.48|}}
| 85026 = {{CommuneBelgique pyr|25.28|60.22|14.50|}}
| 85034 = {{CommuneBelgique pyr|24.19|62.84|12.97|}}
| 85039 = {{CommuneBelgique pyr|25.22|58.81|15.96|}}
| 85045 = {{CommuneBelgique pyr|22.91|59.65|17.44|}}
| 85046 = {{CommuneBelgique pyr|26.71|59.62|13.67|}}
| 85047 = {{CommuneBelgique pyr|25.50|59.36|15.14|}}
| 91005 = {{CommuneBelgique pyr|22.01|61.39|16.60|}}
| 91013 = {{CommuneBelgique pyr|22.60|59.12|18.28|}}
| 91015 = {{CommuneBelgique pyr|21.13|59.93|18.94|}}
| 91030 = {{CommuneBelgique pyr|21.49|61.70|16.82|}}
| 91034 = {{CommuneBelgique pyr|21.80|60.44|17.76|}}
| 91054 = {{CommuneBelgique pyr|21.31|56.86|21.83|}}
| 91059 = {{CommuneBelgique pyr|25.09|62.06|12.86|}}
| 91064 = {{CommuneBelgique pyr|24.91|59.39|15.70|}}
| 91072 = {{CommuneBelgique pyr|21.32|60.46|18.22|}}
| 91103 = {{CommuneBelgique pyr|23.61|61.55|14.85|}}
| 91114 = {{CommuneBelgique pyr|22.83|60.75|16.42|}}
| 91120 = {{CommuneBelgique pyr|22.55|61.56|15.89|}}
| 91141 = {{CommuneBelgique pyr|23.09|61.73|15.18|}}
| 91142 = {{CommuneBelgique pyr|18.14|62.09|19.77|}}
| 91143 = {{CommuneBelgique pyr|20.21|57.05|22.74|}}
| 92003 = {{CommuneBelgique pyr|23.20|60.67|16.12|}}
| 92006 = {{CommuneBelgique pyr|24.38|63.71|11.91|}}
| 92035 = {{CommuneBelgique pyr|23.66|61.31|15.03|}}
| 92045 = {{CommuneBelgique pyr|23.10|63.05|13.85|}}
| 92048 = {{CommuneBelgique pyr|23.68|62.49|13.82|}}
| 92054 = {{CommuneBelgique pyr|25.54|61.48|12.98|}}
| 92087 = {{CommuneBelgique pyr|23.54|62.24|14.22|}}
| 92094 = {{CommuneBelgique pyr|19.42|63.30|17.28|}}
| 92097 = {{CommuneBelgique pyr|24.73|62.31|12.97|}}
| 92101 = {{CommuneBelgique pyr|23.83|62.04|14.13|}}
| 92114 = {{CommuneBelgique pyr|24.59|60.90|14.51|}}
| 92137 = {{CommuneBelgique pyr|21.36|61.55|17.09|}}
| 92138 = {{CommuneBelgique pyr|24.45|62.00|13.56|}}
| 92140 = {{CommuneBelgique pyr|23.76|62.16|14.07|}}
| 92141 = {{CommuneBelgique pyr|24.48|62.77|12.75|}}
| 92142 = {{CommuneBelgique pyr|21.60|63.40|15.00|}}
| 93010 = {{CommuneBelgique pyr|23.62|61.27|15.12|}}
| 93014 = {{CommuneBelgique pyr|21.22|60.89|17.89|}}
| 93018 = {{CommuneBelgique pyr|22.96|57.45|19.60|}}
| 93022 = {{CommuneBelgique pyr|21.39|62.61|16.00|}}
| 93056 = {{CommuneBelgique pyr|20.82|61.68|17.50|}}
| 93088 = {{CommuneBelgique pyr|21.62|63.86|14.52|}}
| 93090 = {{CommuneBelgique pyr|20.37|60.22|19.41|}}
}}|}}<noinclude><!--{{Documentation|contenu=
Ce modèle fonctionne comme une base de données. veuillez ne pas faire de modifications sans être certain de ce que vous faites.
}}
[[Catégorie:Modèle infobox commune|Belgique/Pyramide]]-->
</noinclude>